10001
0
6674
13708
16094
3816
6995
2687
22946
3309
11050
18113
27029
33015
35109
37798
6221
19529
8239
35255
15242
15486
1724
19849
482
8998
5312
18440
19388
10287
2329
25522
16774
19038
39331
792
14067
22432
11146
8102
2353
43835
9334
13813
31477
13947
7278
9863
12869
6748
30712
462
3810
35527
21887
156
10328
1180
34483
13330
16622
20785
59009
11930
18044
1630
3329
33380
19639
10977
9878
48707
12997
28666
46729
21794
7253
2071
18523
7918
6000
7965
6213
2250
33129
9050
21493
9365
3077
9679
20152
36810
17445
29195
5248
6302
4176
37193
10754
5001
6542
16791
199
9955
5720
6416
29958
14413
8322
16165
33464
153
11683
12543
9399
23000
4133
70764
12810
12495
22324
10433
12116
18289
50751
9722
7747
1712
13342
1222
3075
7748
7491
4609
16947
10573
40865
31872
22509
8156
36521
30578
11286
33133
33678
8665
6469
5428
331
15679
24120
22523
43642
5020
20018
24212
26587
5533
5537
2911
36142
21559
9446
30463
51618
461
8079
7493
35342
24173
4843
9641
8669
5449
495
280
17998
43573
878
15550
22969
20094
21678
5927
4642
33049
10043
18759
32841
4352
3953
40942
25254
73678
41148
1425
10014
68431
23761
7689
19378
39987
19960
39022
1417
5481
14808
34340
6280
21404
420
7410
22578
53353
23233
4838
41340
7750
12808
11795
10970
12867
21421
14400
19728
31173
23381
11823
21061
1416
13700
36264
15483
11679
38277
1800
17418
4613
5879
9700
39469
5664
14678
5852
15768
11065
2688
4007
28797
3146
52825
57704
11012
40112
20400
69364
22138
20486
4563
862
17713
4129
14691
9808
17727
18942
10679
2046
23328
66117
12052
16465
20463
4476
12693
23585
4638
18772
2070
2362
4581
608
19258
268
13991
33205
32005
4996
7607
329
6402
126
1033
14196
6719
21222
43863
20973
50443
18517
9674
9395
31022
19302
27643
9027
9421
854
52107
65
1558
7508
44111
19254
9996
3539
29727
23071
1823
18548
4284
5896
3934
27934
149
12399
2413
13610
20825
977
12974
67289
20042
5500
6686
9907
19941
21697
26182
15004
59220
27017
16157
10749
19341
21883
3174
7075
55887
95
1655
25703
3569
45738
37159
11791
11703
1132
33675
8154
25816
26879
4790
42967
15184
1340
19456
9402
20331
39677
3374
31338
41540
50905
62693
2559
8757
14113
7816
3745
352
5729
7192
7777
12522
16678
24010
11636
16234
18853
66755
20712
36986
11992
53797
15953
22403
4195
12000
38679
47267
821
5821
7383
2231
11710
28733
14362
32537
47914
2539
14944
3647
18279
14575
247
998
7155
42206
7740
51356
15330
1548
19523
1953
39695
4165
150
1190
6976
27691
716
12372
17112
47509
13352
12807
11554
1541
24365
29692
38237
43760
36001
2663
20972
532
39456
38131
48444
18664
21215
14434
8723
33630
11665
8030
12883
2252
27204
13944
746
10199
9627
6849
8641
5315
23694
16828
7502
1736
8656
29621
27240
11659
2374
21439
23065
27965
24111
24972
1772
17473
4780
6681
2592
22240
858
23119
4437
14171
6588
24204
24090
19961
39598
1874
17572
5567
1962
1037
1245
8631
5719
2086
25367
2544
5685
15603
19034
4419
54029
26309
7536
19323
23833
6514
16259
12594
7466
6864
26076
9762
6138
4793
5267
31123
17135
834
131
8035
11349
40598
3198
12247
30181
6937
8431
6200
22656
1413
50710
21865
13206
6909
4978
12342
16910
4529
4607
17072
1208
5958
901
25251
5013
12717
13637
459
13425
22752
23989
22497
18182
39076
3377
40273
17428
551
4243
16582
13919
8952
11241
10501
1745
21610
2555
39561
2372
28198
56701
40478
4019
324
22797
5357
20768
2946
2449
33060
20367
4590
3764
13935
16946
3055
14719
13846
15978
61710
4786
39462
39064
51052
7719
765
3356
16802
7672
10439
11364
2364
21153
40085
4114
26912
5975
48024
48128
1705
12171
13158
10035
16384
629
2986
27734
5786
14189
14659
4035
18284
1967
9325
1159
40801
2015
13381
23948
7461
3334
62812
23108
8433
15980
25995
25845
25760
15340
6859
7031
27955
1954
9967
9989
5257
7275
15821
5083
30898
10947
9465
7405
18510
1691
15844
26199
24810
32709
70436
24742
1231
1506
475
1590
56223
33042
11099
382
7065
28451
7350
3363
37901
22193
16579
12335
22789
10903
30572
45898
20766
1045
5895
33626
33124
3932
6971
4652
20251
26317
4965
53492
35477
21004
24162
14991
34200
34480
13848
290
41991
9806
3761
57687
11259
16859
8097
23983
23051
5557
18413
9308
2857
52727
9129
3344
9234
5807
40358
26536
8493
5239
2533
1566
11400
12973
3658
8887
8088
6993
449
4071
769
24619
12022
3640
3902
6329
8930
5953
13063
1269
46059
16597
34688
7196
22115
10655
38077
19759
27144
1163
11039
4624
38329
11606
3345
2831
3894
314
1904
7825
31014
1848
27504
26098
20621
1628
12094
12985
2707
18780
34640
11089
22291
14404
30478
24504
14219
27326
29702
16341
14879
8285
3477
3600
2012
6607
7543
22335
2598
8078
22674
15458
1675
7733
16474
11671
11807
4108
43448
2536
22188
31793
12660
16059
29617
12023
26701
15281
4712
29137
41235
8690
1495
21379
44576
11824
809
2076
7179
4490
16355
12112
31424
7649
25953
13560
33865
7166
27207
7399
33700
70859
3577
4333
17994
15774
11910
3686
9734
10862
14144
8996
15165
660
7507
16275
9105
4846
8808
11452
30374
11041
24807
60170
24642
9172
4145
41720
8486
55631
5818
542
7669
16252
45167
11797
8899
11867
13725
4447
1700
38507
9599
6010
22996
1308
16093
416
18692
10535
58336
1931
14060
2698
72716
2095
7482
16271
1178
13758
14748
19669
16503
8747
4629
17454
7626
4636
10125
18144
39572
11990
3965
11020
3123
37948
6948
20441
5070
18575
22382
7048
4156
2499
7483
5763
7365
47971
887
38333
20451
21284
15587
18465
11491
14372
15895
30196
17075
8046
25902
6656
13620
3264
5622
4240
16256
21373
29717
313
1768
44679
15623
5301
1573
1436
3933
13678
20321
5542
43670
11862
803
4446
5874
14729
10998
760
1597
26541
6718
4521
1435
8895
20492
34972
1652
44651
21181
1244
5588
3983
17737
52752
4794
10606
1382
10400
40406
14950
4947
9463
8349
3959
3673
9602
6197
4915
37631
26003
56276
933
6846
20686
2657
4347
27198
8933
11470
10038
20375
17951
28273
2488
22133
15407
5105
228
410
28890
30930
4302
16629
14608
10762
2556
9431
10751
6605
3290
7665
19714
21790
18642
121
14956
58331
76123
47564
3724
4279
6432
46009
3878
16376
5043
13187
11952
6100
18192
8642
2037
68792
53875
4936
31950
1031
11923
12625
9392
31892
15291
3498
20749
13522
32896
31593
4649
4182
26438
10091
35762
11651
8836
1184
24548
5350
26444
36003
18294
42109
49516
16961
1938
1514
34859
21477
20088
25342
1690
7334
2310
30702
18969
43160
30800
22295
20270
9418
6475
12674
11772
1932
11409
6526
26663
11523
34754
9797
11299
20921
2745
24859
13888
16537
7165
478
24675
6904
2168
52586
3834
3229
467
27173
4944
18235
20803
5479
6498
17949
2146
8770
12833
511
2486
10884
14048
7254
22431
1255
3775
132
9841
6576
20317
3001
10814
2300
955
3910
2074
8501
4627
2348
22638
24881
5505
2524
46941
4574
6464
141
68933
7199
1651
1575
2620
9671
44547
3962
60119
2487
19583
31657
6341
15916
39669
2697
45929
1107
4662
27534
11320
10626
19735
6373
5454
23513
2450
13447
1520
16017
35777
13932
19685
15822
63901
10113
8801
32741
28455
18215
12450
3679
52543
4276
12513
36492
5551
29495
1094
16834
1582
4660
25827
32612
36885
6834
13057
22329
13126
2164
1780
3815
5230
60412
2471
54712
9509
3883
40211
17672
24567
7096
25564
12510
13950
19338
5151
46816
57082
3214
6235
26737
2990
6372
8798
351
5014
424
1282
43300
790
5046
32052
6645
26093
29182
3791
13621
14363
31633
7548
3570
9123
7589
4413
6140
20806
4376
32762
13386
14893
17034
12163
10976
5629
37897
9048
15325
42381
8048
13734
2516
17687
40193
43538
3263
10325
6800
16274
27823
8175
2133
27642
13141
8469
3107
652
4878
5643
20524
2971
6127
3182
1305
4669
24901
2646
3161
14903
40297
16685
14607
3465
13006
8320
72807
54252
44299
30592
5635
28803
15878
65618
20977
10880
6126
14576
1508
27292
21246
27417
15642
289
33628
31919
23913
9572
39875
14698
32555
10291
16981
4470
4273
5281
29092
8234
386
36119
6260
1992
12472
537
2136
4205
30464
34106
25053
570
20753
32925
11701
4010
859
35730
17240
6611
28856
37533
13154
1726
29357
2118
1483
9982
60241
18682
32616
35758
6267
21041
21392
12193
16161
22443
19414
15855
13373
30932
7560
15799
16169
37432
15522
51430
12139
18487
9876
846
50122
27925
8042
848
38410
9158
11770
8311
44392
41690
10777
37408
5529
28581
28343
8651
10178
40462
3336
5866
829
4002
3581
26862
47508
7986
1139
10579
21583
3995
10187
7251
1798
20104
24585
57
8106
4442
1388
22903
25581
36324
16270
1999
28680
13696
34941
1843
8874
54639
15968
15346
54953
27880
39073
26936
3891
19856
14943
28931
20946
7934
5221
33110
17265
3325
9
14540
5102
26713
35273
9262
11782
22048
12886
5572
32363
33484
1421
373
3652
7446
8583
40651
1002
9579
590
1723
1908
8020
43367
14313
11944
3832
19515
9034
3740
22609
2083
2636
3877
20483
25054
32074
16013
12339
1571
65397
8445
18714
29644
9523
21721
68401
2078
20322
5485
24003
7698
15127
42416
4525
1887
1650
5089
4152
32105
1509
20988
51200
9445
16362
24371
5211
3126
11597
38636
31170
3533
6556
1073
2065
21124
7877
12781
1110
59550
4802
19226
4720
52346
12818
8598
2141
22393
27194
1304
15119
42465
14910
10635
4356
50748
3823
7891
18453
2733
14996
30244
14546
36012
7202
1361
3674
4556
28005
11316
36982
13863
220
10983
8244
26793
1735
30585
11623
12846
53608
20929
33155
1167
4063
7881
11362
11794
16868
4281
9857
52023
37774
15429
37217
47
58719
26474
34875
3248
14253
18227
23576
18500
11473
48264
12388
6066
2069
2669
27697
1592
10466
950
39751
20490
10425
8844
1010
5797
2200
2641
50352
50875
7610
14987
29054
77702
17336
8959
14340
4523
15385
22429
10333
35361
3621
35021
49524
32777
16467
41454
8601
7951
18086
659
13429
9962
19773
59632
7642
5216
19379
71879
17166
25445
11372
1584
5308
33135
5511
16718
18779
22965
15769
18028
13289
25742
4634
1095
8222
1329
45922
2003
7988
49688
7931
59214
8348
24464
5841
26473
16262
12412
14700
2607
20503
14545
7872
15663
8494
1550
20811
2996
37148
11190
5695
16264
1984
6399
15133
47689
72595
7539
3141
597
1241
6154
13994
21573
6786
9820
9926
8882
804
7055
13150
8762
16482
10545
4200
33681
12319
1239
7681
5240
737
16662
1290
15699
6977
3888
1839
8681
30915
1789
15085
9949
2446
19295
6342
14651
50049
2101
21997
53051
2313
35588
7332
2428
14976
3678
342
13027
24588
33828
2565
21852
10833
7030
74894
50421
11971
9336
30629
8535
26101
47873
20001
6244
1322
5726
26468
9174
57615
14569
8051
15749
19086
20487
26427
52587
44622
10733
308
25569
16084
29591
15364
3085
27437
594
11331
5108
4886
2022
24236
8080
160
2154
34516
10828
825
25311
5880
35392
1653
35143
54308
7933
1621
1594
37919
10717
2703
4824
12447
9081
13578
5399
980
6825
26867
9931
1350
50182
959
15989
46283
11001
14728
21893
8606
46997
7730
19198
8419
3069
17526
10465
7917
5741
24081
16455
5019
26448
11719
1363
19362
6757
1840
30909
5707
43991
13255
4456
2081
21766
27732
8301
774
26935
4631
27347
5811
21051
29939
701
29963
19838
1411
4606
2746
2862
14631
4867
25301
1959
7300
31597
44032
8782
31615
12026
11730
28430
13727
5380
7160
15743
13658
27399
13942
3858
11565
17420
3267
9870
16411
798
2691
30797
45780
14849
53719
114
25776
18005
32295
18662
12976
6513
3165
54002
14432
25575
19874
1578
21628
38365
31224
31924
1979
8695
13287
10158
6870
28789
23619
19355
39311
40708
8487
15689
14881
6811
59306
18775
4507
9292
74227
30438
1841
12678
34412
53735
23879
43678
48326
26598
24632
17603
4390
12933
4768
13571
48196
2440
8682
12075
44022
20034
7049
8769
915
281
16128
26209
34786
14767
17992
10
8324
1892
16888
3232
1465
13891
37727
46726
2880
13316
20783
19910
5173
2742
3099
5936
13739
66729
2388
7963
6491
17637
23824
27051
10024
16720
7827
42445
27907
14599
48403
3541
53132
13718
5920
27429
15159
34113
2789
14329
3420
4506
1583
3783
5268
33905
18626
13224
9759
23763
5452
8114
6139
5626
16449
8684
5491
20962
5530
1301
53400
19618
16392
38263
438
13743
23814
16479
5667
6074
18125
28534
22589
35818
8888
8688
1434
11708
2797
42258
15567
17354
3478
10357
4198
1943
39258
2244
24925
1
56714
20552
13854
25683
35908
32976
5634
6412
17599
39777
24574
56698
1993
2717
1927
7890
13085
9731
8792
27537
7089
2589
11230
55888
9539
12488
40597
12493
57230
42099
24405
17660
31379
4219
11951
20059
19357
183
7250
2298
14230
14620
2165
4388
25988
12584
51494
21176
8185
36293
483
24665
12978
4985
16864
21775
28862
1664
960
25422
5700
7713
25280
33319
19519
54132
275
3376
8346
50451
24744
8081
46329
5417
27861
4495
7117
3519
32383
1152
50381
5620
18146
30755
1819
5121
6680
30507
34921
1172
37230
2844
5040
14195
50211
557
10734
9202
42705
5749
11583
33170
36745
15132
35086
10434
40237
17272
22701
25824
27946
45507
19420
3411
21824
566
3788
15105
8043
5660
62381
20220
1682
4614
26998
7926
8298
14304
6916
32443
10793
21076
19299
16218
13842
6928
49747
23415
27050
27944
60765
1324
5690
3350
4155
6198
2752
11219
34473
1955
4854
20917
14338
22637
48724
574
36889
25147
21380
39449
10704
4762
29556
3661
6245
6070
18673
28460
13707
15391
30568
607
42771
4681
29902
956
39588
8858
41302
2344
2961
19155
40631
35700
43854
34872
1126
3131
20658
15850
6651
15871
38111
10395
7144
485
4472
11285
24
5602
54739
503
19162
3428
13914
3469
13469
7617
10463
38059
18200
1119
20460
10521
33896
43329
35913
4856
9406
13337
43034
11417
11373
10404
30735
5737
29108
11771
16612
26183
3409
19178
46730
1549
41633
12541
12375
45085
460
1007
18992
17945
5844
18685
54974
5199
17413
28034
15396
37264
921
17936
10946
33870
34820
5597
15319
1460
9737
7462
1026
9327
28508
47862
614
4637
15647
2190
12650
8310
16253
26445
12587
19018
16889
1716
5296
16599
4253
34477
22854
7903
39938
37299
32263
7110
16588
29117
36168
26276
5059
224
29685
18305
55732
21159
20968
38200
3257
77011
14
46877
5962
14185
15955
11070
24203
8413
3935
27744
19761
18654
18894
1477
4953
4
25779
13357
11975
13192
46430
71641
2765
3542
10929
22599
7758
8560
2549
19821
3259
1532
64135
6778
16816
9283
8509
6044
2547
4400
15089
736
32516
8852
10780
26562
12074
880
11423
6239
14091
5827
8333
16347
21564
7290
2130
13668
16276
40054
29378
5834
7291
21402
2192
33002
16223
49613
514
16215
43278
653
1719
39480
22766
5793
21789
4618
218
21289
15838
13983
828
3038
5532
16763
2393
6529
31594
60482
12098
34344
31992
4540
6819
6835
16928
6069
7292
24583
16412
7549
1146
4193
2711
36021
3845
30046
10171
632
10613
72785
8021
10522
15509
6858
4672
2997
5826
19745
44346
1895
33729
479
4900
63438
6410
49402
4789
30329
41762
19870
35628
53534
36466
58720
15239
54
18652
3682
1658
8144
51685
9100
53639
1923
58431
5192
2104
20469
16942
9313
1998
25285
12486
7142
25137
4135
33757
34002
18873
5463
18825
14942
4616
11239
1430
262
14675
19482
15220
11988
4826
28961
1043
10469
43233
5432
7221
26323
24857
23040
38895
53134
6620
2279
7859
24591
26626
11983
7722
55609
12135
2517
16970
2438
6151
1027
4213
9624
1556
5307
6621
723
22309
26744
47552
13467
39107
23279
24397
2036
2682
17960
17561
4178
20336
21549
32237
14316
12544
19607
2122
39583
13279
4582
28625
28155
7112
31267
944
15059
18649
15383
3601
39245
4328
18356
10415
21234
1200
2769
8907
6682
12065
1262
370
4264
11140
3148
8187
1885
2030
43305
23547
27696
7184
7241
14502
6470
26818
5750
4766
1832
52375
53182
29893
15388
16985
11134
12972
5610
43779
4666
16406
11378
9938
35610
36654
18401
2056
37636
439
5031
23375
5164
3951
11096
14161
11322
39037
1379
12643
5864
2222
17406
3125
5781
11685
8387
9992
8797
25175
22605
488
3518
3303
5112
189
18713
45824
58013
10610
6628
19824
23363
6764
12208
476
19318
14957
7002
9858
8004
11818
44313
34559
15839
2249
15853
16963
30638
13215
15985
3019
17094
23595
44760
2297
29015
17640
6417
5009
23286
7517
14597
3093
9114
16185
2652
58157
3750
7899
6708
22598
14496
39860
7478
31835
9408
3410
3318
21826
22011
98
15514
10020
5145
9505
9460
23259
16360
18545
5158
2712
22061
33856
18915
19407
38864
16853
13759
8157
9119
13730
2385
3928
18406
27936
35731
31771
180
32915
19052
14455
42719
14583
7357
2410
5861
9104
9078
2025
30559
8168
21442
20775
11619
9948
19663
25068
430
2140
9486
4520
13194
8305
23278
33376
2557
5269
17125
22365
20320
9164
76212
54737
11728
11314
34046
55031
18970
41181
29728
20790
9544
28814
24660
54800
4668
842
24349
2261
1433
366
16393
3304
20559
11767
25060
10449
26904
6484
26425
2464
3828
44742
7487
12115
14828
46222
11622
11087
22711
2727
66267
59047
40224
39985
5636
4887
5642
66639
38395
2638
1604
49111
45133
1519
38419
25138
7513
15145
2425
25942
47976
11558
2296
12961
3911
1260
24409
49331
39217
20439
19764
57901
13114
11611
42588
24119
4892
217
8880
2325
2417
2854
38838
1217
4656
22465
23553
16871
7101
6428
5933
2583
5791
58435
28887
7534
44662
13973
4345
302
13464
11387
7099
75091
21418
23957
23738
19085
3091
10589
3314
10461
8235
12158
3130
8248
6063
68488
9198
10021
6499
6103
8231
1542
97
3886
4958
17076
5911
15044
2875
796
19236
1997
31551
28145
30929
1611
9266
6799
59805
11673
12422
6527
16705
8571
27601
23191
14856
23221
25851
753
14089
9176
25906
15648
4799
2170
3733
38565
20734
5316
28262
15223
5934
21375
5342
8904
8488
4168
34353
16616
7606
7490
36994
453
202
13926
56763
23987
13258
1448
12089
23505
4967
37790
21533
3917
15505
12417
14282
22696
37913
16441
36032
16735
8129
12321
13976
10661
7135
16488
12579
15204
5696
28097
10145
4066
38973
6407
7956
7448
5080
5081
13130
3018
10924
11699
17302
14670
3576
1870
29940
32320
9213
3481
27090
27956
18956
1186
42539
7691
8721
14213
12727
9549
12911
18554
8022
21030
808
1725
19655
25908
47015
33601
10546
24560
37163
9975
25807
22989
8814
29744
55441
11860
12374
25533
4765
17664
16036
6012
24240
24154
49203
39161
27370
1838
24919
5411
13060
25381
42580
9530
10266
4286
27551
16283
37090
6058
4748
5539
21116
38637
5335
269
35960
5611
756
21754
4977
56620
3706
20844
13929
4464
31358
9835
2303
31611
8513
3534
53635
33834
3098
23449
7238
22250
20611
11430
2057
5005
3193
15869
36065
1759
10374
15772
13861
7650
34611
3623
2882
28855
15565
15564
2988
22793
19938
15570
24924
11589
14899
13276
60192
24133
1492
28141
19400
18062
45567
16715
3413
3484
18253
497
36877
68633
22861
12775
33948
73852
196
6831
33284
19449
223
83
6818
3945
11117
8820
12747
7429
20070
4354
26243
4287
8771
9319
8794
18388
17836
24740
19994
26408
3223
12648
39377
5717
398
10864
3580
1041
30658
16659
17488
1420
18653
9666
163
32718
11692
45120
3008
24865
45853
6036
11696
2150
963
12590
24989
47022
23897
6641
14737
7415
14966
726
229
55606
5196
23167
4079
48654
492
47981
1845
6288
13262
65394
32302
10916
11788
32928
17918
24860
8536
22883
4889
35120
37649
3191
2668
14963
59154
3746
5753
26174
33167
18155
1673
10904
4514
11226
13301
19566
1873
21371
13317
6539
23213
2084
3245
7999
7685
5094
17736
3513
25721
20266
9543
22253
13741
39738
15008
20019
52448
12967
13623
21351
12469
8884
6767
9093
4949
6911
36321
2902
35992
26925
23371
22257
1319
3183
3070
7846
1513
17948
1349
2617
3449
10115
30
6357
11379
7270
13884
2483
30892
4432
10146
25984
16171
2475
8558
2629
14106
21481
21329
2465
16302
20399
8047
18034
15250
21764
35608
12680
17669
9232
9438
36209
17394
47947
43593
12080
2619
15995
12352
2739
19716
24627
14427
5497
27265
13946
1816
4344
5116
93
12382
21410
25650
13882
18142
6110
12554
40017
14863
20504
32758
17423
3711
6269
35216
7936
6252
14612
15512
12253
8149
22392
3869
9727
21614
8139
40255
18899
3574
30910
5587
1921
7887
10859
15626
40000
987
949
19913
21772
6836
42834
25920
24311
4697
1001
31388
13851
2447
16214
4179
22951
4265
1777
7996
49963
2680
6886
30270
11757
3029
5637
6794
3459
6482
39312
5997
9475
32509
3839
10961
20477
5897
12611
18351
2978
23298
37160
30843
45650
29179
27513
29764
6771
698
16111
24431
58815
1949
10201
44571
6706
12418
36123
29742
7784
20303
11118
1950
45237
16760
7801
10577
1480
64458
23446
12017
6991
15528
4417
5215
2625
19747
43728
33927
2749
20994
2052
8458
20740
9766
1948
23580
13716
10482
6984
6271
25097
7901
70084
174
14866
9789
1072
51066
45396
33442
51539
10829
66674
11863
17759
45477
6601
27726
20281
12496
13823
9773
15572
15308
10763
28555
11736
13227
11682
7865
3203
26142
4821
23024
58985
19648
45816
16870
17231
36219
19250
30083
26501
17386
23857
11433
8335
6635
591
2930
9165
18584
12468
12870
444
36895
25127
33263
9725
14530
35637
22718
16325
23612
40035
12957
25976
23214
4795
38462
18871
4332
8111
20407
6386
1270
29775
3324
26783
13022
5482
493
19546
9134
36937
2699
11644
1907
4650
11225
6810
13142
9503
34759
27539
16869
5658
45405
62525
10948
26548
12049
4940
5822
52480
18636
11202
9688
5654
41300
40525
768
33710
11645
27776
945
25126
19470
18801
30045
11177
2896
10888
43309
2062
3279
14574
1064
24784
21626
21801
18159
13186
30815
5892
13565
28024
24181
33877
48547
34282
20666
4477
47610
34639
4430
40
23819
28018
14718
21431
19532
10524
17650
8152
13586
603
358
7456
56027
6942
8623
6153
34625
4580
725
7653
19796
53728
5560
6486
22727
11751
28699
1485
12050
14398
66634
20784
49338
26922
13294
5871
7522
2116
40407
1206
9199
21007
58718
37266
29240
4855
15374
15668
6478
18782
16478
17678
31679
16289
69040
13487
19781
19912
4740
22306
7640
22063
22923
3529
15999
47053
22099
10557
53948
9014
747
20136
40183
113
6388
4950
12151
2369
32907
4385
12840
9471
6165
12268
22323
44189
11304
11386
20060
4435
20605
22746
15400
25607
20664
21978
10503
50644
1090
4428
4288
2288
1977
12035
27404
15963
26558
9813
23222
1401
4220
13952
36546
2910
41364
5213
6697
22070
13519
25234
33780
19360
4201
18798
28731
3491
5044
6007
13501
19127
12706
8777
49704
7622
12092
43170
14294
7811
923
12296
11762
17874
10040
36562
1784
3256
6359
10721
9805
26850
15116
15157
12149
5468
49151
29114
7245
39570
15131
11403
8925
16534
12148
49349
6850
12188
8704
8954
27491
7773
42395
9600
1316
12063
10512
19334
9372
15792
25727
1418
7229
24728
3567
1143
4686
1859
1543
17082
8439
6841
14267
1836
11013
16211
11420
4188
3694
9800
5702
6983
27985
2017
16918
1130
21465
2453
35638
6887
18262
13573
39659
5378
41901
18256
47504
33747
40581
59585
13246
12566
2722
519
15100
21994
13211
4775
28934
20191
5563
4908
25749
10994
38384
1038
7344
8742
32279
21816
32903
15461
21507
14451
4698
20562
12686
30488
32368
59163
17976
6938
13765
4917
30208
21728
22912
4289
15048
7519
19731
8754
12615
30232
11739
7828
13249
22623
4788
71502
8007
166
16006
19093
8739
63560
9592
9387
28759
8180
18962
30269
16233
69510
6891
8517
40718
5788
4314
15946
42431
8929
17310
25566
11598
8557
8574
2980
1545
25219
57061
356
3201
20533
40405
5024
17738
12948
18771
3963
39893
11025
3457
7847
39961
11123
5232
27559
6905
8546
19211
12899
25850
12958
30231
14197
14995
7969
4774
9758
25471
2472
9303
44426
35078
23418
705
16974
17323
9065
31902
21965
4524
15656
19058
11627
25589
4317
17015
7175
33922
18108
12275
32405
2100
5774
2468
38936
2558
40162
32008
22305
24931
4716
18264
4576
13077
6568
5985
869
10590
12539
58505
7975
9013
889
17351
9179
28073
2112
37224
31335
25024
7751
4704
3543
42253
28708
4622
1866
1224
4268
20815
16854
27571
2407
810
9552
2975
39339
60940
22926
11903
15139
12751
1717
23915
9529
5569
2107
33583
47021
50749
3139
10340
11628
20637
49276
48065
10931
1562
28777
2777
8692
22801
1071
20889
5853
7599
39644
20953
12730
35974
7484
362
22417
35675
13611
29767
3163
25834
12187
9060
26089
20603
26262
3330
90
1750
9571
601
30313
20237
23699
1797
37548
13494
3616
4493
3641
15369
45864
11303
26854
11499
16066
21748
12166
2661
13036
9884
28501
10625
28251
21949
6960
20556
18010
5392
1451
31221
27970
14016
17273
1108
6125
18625
2610
5336
51660
17774
16998
49570
12145
12616
5057
29585
394
9952
7629
24001
5010
48007
7597
10371
8396
41858
23139
57346
41350
2125
6878
6741
27921
41216
18094
13104
9487
27106
17049
37398
749
3089
29768
4848
1867
38443
8366
6670
14407
4325
70737
25732
9879
61233
165
353
46623
61324
7941
2418
9279
6144
5740
42463
31152
4353
30372
1902
14465
11296
179
51301
5254
13909
18844
43210
23028
20449
20365
34202
10543
27819
31829
15767
11271
6194
30429
17932
7079
36229
19391
411
899
3045
14656
22319
8492
2470
12336
61085
18610
21304
67814
8056
12386
15847
15499
22747
4763
16804
6966
2180
11167
13738
6168
5132
18303
7273
13343
2908
36245
15227
3352
4364
2500
9390
1879
1896
29593
2642
7281
28055
27500
7682
14190
52337
3026
38198
25307
12455
856
11192
17020
8287
6734
5291
48255
5903
19247
3295
781
35593
11252
2167
9422
28139
2309
19344
22724
8055
25539
25025
14250
18604
5076
4047
3390
44
18874
32425
2216
12527
1944
2114
1794
2330
25456
953
5680
31599
30904
4725
24912
33633
1153
50995
14819
47381
3415
19286
17419
17197
10982
3450
1497
16923
9817
2225
359
5405
9644
11258
20201
4014
795
10712
21463
6297
10659
45151
6099
12236
4797
7022
8084
5002
32825
30284
22308
5098
19300
6817
23601
10234
24687
24116
23010
22412
11957
2007
4980
15908
13927
2593
2004
33564
6992
32796
41658
39421
58819
28232
7434
11324
2283
4319
30510
26966
55
29579
28948
27060
10232
28720
40203
10639
4849
844
18426
45292
41121
9742
15433
1522
41029
5983
11273
37391
87
3328
12067
2732
4249
30280
13359
18438
3424
21393
9331
3868
4894
6963
39925
25260
1203
1004
59272
17947
4000
31984
28241
7844
297
3244
21926
6549
38623
23492
679
1396
27882
13518
57292
8313
33519
55514
13129
22998
21020
4739
13963
10219
27585
5266
2494
5007
3347
7655
15295
25348
14394
14305
9834
2690
7414
6758
2804
14779
11895
59319
8282
182
31214
21232
14494
1625
6353
35296
6426
6075
9637
14787
12021
11281
28006
11207
12410
7495
36297
9379
43409
38640
19431
12106
29837
333
15988
13017
8208
3596
23711
17698
125
4153
1842
14603
18340
26492
2293
30958
41950
28391
33300
2602
3731
10345
13699
49042
9629
20738
12018
20137
30858
34400
39420
4909
16776
42664
5762
6888
17494
9720
30380
9795
57079
42662
26636
5191
6223
29645
13745
2230
5561
32508
64040
1288
23056
26643
7020
17729
3083
14254
1463
3833
25343
12127
64943
3838
1474
34939
38414
10220
13117
20727
13083
32272
39180
63071
19426
15411
3631
39968
14093
30626
55668
3269
4463
6775
4196
13441
13814
14108
4342
6669
8058
9222
9708
2134
12028
9015
62623
2048
1744
14518
38476
25530
1295
11306
11633
5803
8817
64897
13647
36696
9622
6172
2575
16191
7073
21474
5798
18563
396
7998
54097
9086
48090
32340
15586
16805
31879
637
10830
3364
26730
10881
22991
23344
21866
2923
15381
252
18669
22581
19403
5847
23195
46515
1994
14146
15314
35569
18530
1336
19850
43405
16390
1211
58909
25056
51613
8363
2066
5202
9533
69768
19964
33068
5203
11655
34037
17446
49241
24733
22787
15474
9547
49752
9184
29656
2000
44162
25805
10368
694
29060
60957
28602
23804
49597
47617
44922
4269
26449
655
2082
17717
14334
21405
21269
64484
4595
24478
36423
11449
29196
1216
9866
19569
13789
7450
6962
11176
1386
7379
33271
32695
14057
11095
35297
15819
993
10118
18536
54503
12436
27498
5063
15954
6060
3864
14762
6381
3771
13703
23391
54191
11086
21981
3562
4053
5581
25072
13661
61446
23997
11441
20851
53022
15001
18161
12549
16435
102
19108
20212
3523
4300
6851
30401
43337
5552
734
14034
21907
59036
25100
24594
3836
1755
16664
37801
36645
5972
2408
15889
6006
14660
18154
60476
7349
16122
32466
4512
1476
27941
42503
7930
6877
9500
42450
52319
18441
5883
41220
34167
21486
11846
14227
6653
27227
48197
8323
3357
18847
11961
4186
24776
2828
245
11496
20877
32620
2497
3470
3358
4077
27670
19734
10570
9542
39553
4410
5848
18570
2899
9144
27802
44768
12197
23491
10565
10244
18472
4180
5839
20623
49994
2337
15835
18095
5295
18141
16459
35182
9389
200
1769
9094
17789
4436
6228
1751
2132
34325
11635
20181
23865
9391
4412
3873
48563
595
8269
25681
46792
6227
3315
5361
36938
11811
28846
13713
15915
43036
31404
7795
44186
4767
22256
11247
10682
28498
26054
9494
6317
92
4255
13182
6828
22147
62350
13391
6160
38852
22807
16344
14005
15646
3321
4408
49482
12779
12360
10800
5048
10927
338
47576
25074
7807
2432
11594
45213
7990
34681
61221
20427
33542
7252
43430
47274
42905
5913
25170
25089
31572
2159
35832
12762
26399
8956
12203
13554
1654
25676
20668
23054
22805
19873
6313
33752
28217
16535
58817
4330
15580
40725
13037
25672
2550
48498
5790
2424
18730
139
1644
26245
11153
14507
40336
3196
12742
2347
8532
7568
10474
3701
1680
14049
882
49147
5570
6726
24135
16248
46732
12676
7024
33882
748
5018
16992
10790
15482
4807
6395
20071
61959
18123
25091
57038
19613
1693
52308
16395
48661
9822
30098
23181
11909
25840
18225
62876
12593
29894
1624
5017
2072
21278
5470
16418
20187
32027
7532
26084
31357
4088
28043
39845
11721
2411
8629
10156
11657
22947
29271
19879
9139
20834
47889
7125
31788
48623
1616
991
15209
27743
7579
25720
6290
33851
33597
14681
38557
14043
39765
13204
3405
39674
2018
744
7561
5524
23074
45806
9994
30567
739
2217
24798
14836
32807
5625
9237
31234
10716
14314
30796
14704
15251
71731
14094
14365
278
11147
9686
1567
3218
11074
54872
50783
5347
23806
23942
12921
2354
16226
21294
30710
25027
31087
48909
23435
26911
46483
11477
23733
14515
19014
3548
17980
2833
47513
36557
4619
23147
230
12316
1128
24342
39455
38751
14274
15066
20424
9517
6326
35830
15756
34907
26875
34078
19317
8577
3903
477
1760
3960
6190
1602
668
13558
21538
12237
7628
30850
19937
13761
16734
14609
1828
13410
20827
29886
36649
71956
5373
1903
16502
19343
527
21374
22743
11515
31176
19553
1786
8184
2834
12461
38592
43412
1647
15685
44271
12300
29147
39299
7830
52403
8039
29256
17487
3872
21244
3925
22641
6209
2526
45982
1877
8049
2211
64
17833
20481
494
23384
23841
30276
50716
13231
1920
506
43029
23895
5323
40844
3199
37386
10365
817
4544
45935
29257
14290
18920
50405
37283
30509
8972
69721
10375
5556
25211
33357
9754
4059
18120
24216
35
44130
5988
1940
9729
13563
18906
30556
48869
14371
30870
13016
11492
6192
18875
19148
13362
26838
242
6286
5153
9437
23672
39622
11385
432
25956
99
31946
8281
14441
8640
7546
19544
1387
12070
16080
10379
10184
13695
9681
13561
4158
12251
103
15185
10757
363
7987
2879
9276
21662
33171
35147
5171
18795
8579
29293
2145
23900
16426
29578
17136
9958
19510
17589
13551
26338
1281
717
4406
27128
15563
30859
22345
9302
32475
3145
21302
3476
28063
28085
23254
37020
22150
5443
13109
14498
33294
29201
19944
17367
47847
708
4375
42788
16630
5175
3354
40807
3851
9721
2888
20324
25168
26292
23511
58254
10112
41042
19562
6489
19609
17210
8000
42161
2851
6376
9682
3194
34819
17307
13454
675
37875
3952
2178
9037
4467
16917
626
534
31840
35156
41252
26047
4548
46130
8247
623
12192
6936
13048
14374
56523
19853
6033
13416
2918
11840
10247
17817
4922
14433
38176
42469
11868
22380
33680
42992
11028
9323
4494
9981
4778
15913
42592
39024
26354
9711
1077
53402
1063
3977
10824
10473
15217
41871
6714
24437
47150
7169
2290
6657
20650
4181
13445
32696
14459
33010
2379
26
38071
41107
10547
11237
6865
20334
17864
4429
14727
26881
11301
30514
10412
9384
50844
13802
976
6595
2228
19044
4104
6211
35853
42072
2267
27032
23703
37281
22863
42867
8124
18877
21969
47590
16285
8940
8064
740
39402
19975
1074
2073
22715
19967
4661
30481
19454
19783
25752
43775
30897
10943
2339
4994
969
1174
14683
17054
19401
22974
11138
15579
8883
7353
39528
31475
34326
10794
43891
3184
19903
40169
5675
53335
20170
13001
14522
13877
21334
11698
9263
20947
3417
3559
30155
12924
27076
25243
7406
37766
10235
22469
11222
7923
27177
56165
50791
39385
10987
35135
21236
10444
64904
33338
7590
5956
20852
700
25837
27312
11352
22080
8650
920
15752
56573
12689
37569
13717
7700
15276
2633
4149
27838
25302
19881
9452
46218
348
19667
30945
66355
152
23689
37321
17316
69704
2179
5114
22013
14526
61804
18616
21634
13629
5955
29209
5974
10528
678
41285
5633
12101
14011
26820
36692
18329
9956
36207
5867
13055
29788
36002
3802
3508
17190
11502
12201
6545
27845
12242
12545
11769
35827
10130
9576
36193
7646
18349
34393
7849
22211
6419
5608
12380
34379
52326
48929
4438
14164
10148
21401
7240
23424
19638
13721
34499
20361
13613
26196
11196
2355
12816
25694
3635
51637
1134
21023
10509
7464
27346
23269
17172
30105
14804
22729
826
19189
3436
13418
6832
5677
13482
11890
53771
17324
19123
17385
22146
42649
400
4644
25444
9306
30786
18562
41700
6627
43511
15874
20482
13687
22229
13959
7416
41
31504
683
7262
18297
31646
21699
1123
14997
33761
52652
2731
42172
3566
11280
35940
52551
36912
26461
2720
32111
10919
22844
6292
30009
10544
11078
11429
6659
1694
10177
36957
2080
17079
11438
24922
19065
7668
6059
27913
13496
5270
17176
16841
13830
942
470
2632
9260
3919
31054
6367
11474
28565
32226
6517
17595
6685
17530
54226
4584
35019
29261
18207
19234
34752
18338
14915
10799
18040
27291
20674
10255
9360
7037
3713
59528
10047
1161
16367
35105
10167
3397
30285
55070
4335
5619
9793
8634
12031
21009
3226
15373
33590
4272
6293
14153
28439
25868
51236
7840
50484
3441
9107
8241
5752
7488
2666
8449
18257
26308
2161
22457
70
22372
2597
61627
20167
3266
12598
2087
22095
29161
3112
3846
22524
7762
8711
7759
53896
2091
31709
3561
6248
18012
3114
6077
1491
6521
14598
285
19067
22404
2736
704
18393
17131
42508
21447
34570
14378
29055
9309
55405
45297
17155
5683
13714
43819
14826
3861
350
26035
6587
9565
9479
11917
378
14722
10772
20371
41609
28507
341
23729
2870
16269
35339
3847
7692
15039
13054
5383
2286
10689
3164
389
13208
54123
2365
8986
2409
17876
8026
29857
39147
237
18363
1987
33439
58704
16183
25767
72960
3571
6095
49577
2708
4522
1209
13768
33647
4718
17771
28296
22591
32618
3867
9281
7138
29635
19390
18571
2476
7839
12224
8002
27710
73554
1946
8444
656
176
14924
25613
26398
966
13225
33404
5272
13923
29974
6773
15902
25470
46872
14081
30522
1060
10562
35098
15503
6145
26132
1551
5573
7017
8382
38293
10273
8137
6289
11814
21251
24966
1106
3583
11527
44718
36415
11729
11641
2193
12329
8061
10198
3702
28896
42385
2818
21273
6535
2149
16033
16866
246
16768
21298
2198
26215
7368
13634
4067
33899
10905
1577
13398
10298
13787
31344
8837
30890
38947
10805
1331
881
5969
20329
2813
7423
32376
21091
10339
25220
28757
23097
37714
9546
40539
1844
60348
243
2059
31653
12794
9382
39120
1265
5649
48730
9668
58702
13378
24012
61315
14435
33116
3994
16114
16139
23196
21868
15026
27143
7417
7320
13924
33560
167
16213
32598
7447
15630
11954
2820
17348
23317
8984
18950
480
24589
3996
9167
38816
45232
2576
20185
2964
55131
28955
6586
8908
38717
16799
40319
20421
12002
4743
50622
20188
1958
19279
24247
120
37
37411
3619
10099
20916
8765
30048
8028
9673
32587
14589
56836
8435
18754
3283
60574
5360
30101
1367
39143
509
16339
5294
4378
1424
59146
12567
46550
34169
17374
11035
29589
8479
61244
6949
692
18991
7267
20777
17118
19151
16065
5670
32343
12896
20465
671
29155
15825
45515
9910
18223
49201
63095
10563
2759
10278
10337
16164
11478
267
9856
10207
26391
33571
4235
9426
18251
26890
10018
33991
16907
12420
9787
42627
19890
52922
1279
2962
9351
5548
1471
14629
543
20721
15179
74239
1165
7409
11916
42392
763
12109
18321
9516
17734
24629
1701
47037
48925
3430
8676
21506
2897
56451
43659
7307
8481
729
3978
18913
1535
13230
22167
27592
3087
24121
1112
10281
13473
16015
39386
51693
47528
6986
51574
15449
1507
5052
4210
30003
4221
3979
37590
6295
16282
21011
43285
8573
26788
10446
3695
37943
33530
19657
1796
19811
11837
3118
24063
982
24915
26620
20179
3009
4084
14489
52665
26097
23660
4819
42281
26442
23394
1876
19483
3881
27180
41563
7457
34851
6121
24705
23253
17080
12173
28457
6519
2403
24780
18519
11294
7243
13531
10383
7249
5845
19696
14511
10609
305
7577
9342
12723
15862
12170
30586
13382
19210
64617
44461
6189
29906
8225
4211
3526
9246
2876
20333
45520
21000
4492
12313
8127
22567
1555
34453
9964
20003
4989
16004
39602
35377
11158
19700
1764
10791
2406
22312
1741
43148
15521
8036
20372
34612
12983
24448
6644
9575
602
8302
16028
4589
50429
15460
938
257
9783
28752
36768
4094
22322
12079
51828
23903
7485
16401
3284
34631
15265
55625
9385
327
27199
17148
3638
15402
11463
4218
20283
16723
23499
735
10771
40874
1133
5441
24628
27011
50
989
11722
52189
7145
6631
15934
29500
30799
17308
32013
19308
11390
44881
7391
11913
13752
19030
18756
32899
2518
36754
13568
1642
19596
11295
29884
9173
21106
57156
8720
14097
37573
6496
1569
40642
21049
26381
4706
37581
5249
14726
24164
3602
20818
46833
11204
51579
3431
33409
531
56394
421
9717
30314
40025
60357
233
23860
10055
22911
64512
17167
11432
4754
28305
20751
10292
10578
45326
61239
13261
207
4497
5290
48069
25919
5593
33187
49478
8360
8446
10228
4844
18851
50069
12303
830
1263
13626
8408
15516
638
13477
140
2089
23518
23034
14805
20057
15018
15377
2905
5332
2846
8334
47011
13260
22480
12734
45056
3538
15761
3685
8734
12240
5836
3553
22987
16640
145
19634
9029
32081
13233
8368
26602
2262
2900
28337
4110
44138
23460
29836
22916
5252
4478
14693
3064
36698
18953
4532
53425
16147
62077
5082
34413
25229
41273
6408
53279
73008
3532
11802
28710
19331
76364
2823
31690
22171
27466
52
33944
3718
65359
56
7465
38686
16305
5547
25391
30579
6093
11836
14393
11044
4688
2505
20594
4858
22487
8586
18865
36112
39092
52846
26770
16539
12325
15861
7363
15033
13
19369
9036
12291
40051
4030
25830
20386
16148
10210
18699
10652
23963
13569
33822
21197
20072
13515
3439
27025
25634
10406
25503
21187
13100
4755
21727
2394
17685
8312
15102
10678
4290
16877
5455
18022
18533
3466
16277
28579
23608
62612
57277
24643
2384
6537
8961
37697
10108
43475
5669
32030
55921
18939
6763
28271
41798
11355
27502
4722
11662
405
2208
16821
50162
33669
8803
7126
40101
3333
6683
27733
20403
22289
37902
17739
16504
546
4078
21653
37680
57316
326
13599
13641
44839
22149
2368
11428
6575
7664
4509
17400
927
34684
23332
11588
48743
45279
3487
8438
15442
31986
28377
23524
5918
1922
17463
72086
11494
9594
20055
17143
7159
515
12770
24000
32812
11939
42680
2755
11189
3715
17681
32732
14045
33381
9772
16637
6472
377
16607
3515
175
36190
19931
28169
8526
24916
53192
22300
8236
18559
21452
45823
13358
53595
7313
2525
45462
26749
40534
374
5522
4519
14633
2220
10360
24419
2582
13894
5370
42808
23871
19919
79183
38832
8750
23405
36967
427
16829
11984
18995
5258
15426
43710
33091
38620
75926
1774
26682
2226
20687
24825
48977
4935
75
36327
23807
10453
39759
11893
789
33937
8295
14605
11522
38632
32043
19561
5757
12801
73362
14543
53954
10649
8799
15784
5427
17617
13543
1589
7557
8565
23354
57268
42698
18678
9041
5142
6889
9675
11
1230
8218
28099
12030
21056
22873
32590
19615
22218
26673
11447
4083
52882
354
7970
2600
27005
4271
12113
36121
490
12799
2926
1079
4368
35566
28729
30918
19950
22181
25292
34038
7605
21177
3710
1188
40780
45148
44954
19413
16911
1124
24025
35467
29441
13662
17760
45652
33094
3627
9498
14156
43632
45743
13993
17399
640
6346
16366
12165
7186
2801
34560
29952
13455
10935
15264
11548
45768
3677
12767
31499
15617
10832
3719
143
7140
3968
41728
45575
18788
5206
3090
9033
20345
6996
25655
4866
32356
24584
1937
38952
1371
16265
7034
36487
24268
1099
27387
14235
2371
23626
10364
155
20992
17490
19027
36177
16578
2
12280
3763
17362
14533
32129
20897
17815
28511
3699
12555
41294
8263
17439
13045
54255
29679
17153
3435
28882
40984
32041
3286
71878
9953
34240
33057
1878
11532
3068
19548
56203
4982
52501
14512
21859
30489
18087
14941
49125
33377
437
28229
10707
40526
8471
2686
13659
6009
41940
19166
13790
7248
42763
7197
7993
31397
10230
3221
38187
4241
161
4623
7377
6599
31603
56485
1017
19332
49785
22266
16425
13163
1398
8758
19851
34312
28374
26816
40617
21158
58417
6321
4995
14703
16935
15005
17523
1223
12443
18532
2308
12038
40402
26649
52065
40390
3010
26720
26740
42688
8822
393
18380
21209
5327
10179
3634
2809
17516
3335
10925
6861
44440
7083
20309
24648
17344
9226
967
3660
658
33386
1686
18171
18684
1360
17708
2950
60
136
29966
15015
1136
18260
24578
6774
7317
21055
30000
2855
41781
16195
3693
3197
4452
34729
19969
33153
40029
25598
5367
13071
225
15306
21792
69620
57951
17198
15076
32887
8982
10795
5110
60184
7352
11150
10259
33411
14072
5808
12425
2144
14143
8790
2860
13775
8073
55783
18725
23061
13491
29573
11229
11793
4301
34097
59892
6690
24344
11648
13615
3381
26248
17651
13366
51010
5924
5528
25392
17093
51128
2812
14283
21005
1995
33737
47001
4068
63397
14951
22802
35627
53786
9528
13026
11898
27001
16584
14366
5364
12005
7631
30289
8427
14237
1983
65002
37233
13570
5605
10302
11164
15524
32736
22890
24654
5292
14999
7340
49009
10676
39504
16400
19046
7094
24824
33835
23211
14778
9522
36733
1166
25899
26090
5766
35010
2628
65054
4097
21441
43369
35640
10709
43828
8416
23048
832
62837
9225
73549
2630
5813
20591
27414
24237
4960
14827
1603
18640
12913
21264
3027
5647
37876
30624
9258
35998
31349
13019
35054
7157
6017
5120
18221
3401
25231
535
7856
3181
11530
4184
18681
3095
27975
3712
20160
7008
42734
3586
17870
18804
8781
4403
13240
1044
19105
4216
27851
17489
18931
27222
10002
28172
24456
7260
24789
10607
24023
6316
1761
49393
42732
2021
2864
6349
2917
10486
28847
11521
51794
24787
12760
25740
2147
14004
63906
2954
38166
69913
12357
12654
4813
29613
35238
23655
19784
6032
12219
295
35870
20491
15113
32668
10317
10016
15728
8504
9474
6273
3517
12698
25915
37054
79
53287
6028
5263
61174
56049
5967
1254
7472
14761
4553
1939
564
11129
17264
18674
35498
50803
54681
10574
54637
36029
42267
18
5152
11564
14426
22297
1120
4115
16852
5559
4048
15453
25795
8945
17379
9454
25345
10282
32208
255
22771
31124
27928
664
10523
61346
528
29193
12909
28058
508
24213
6881
26264
22066
71478
17437
25505
42249
4941
5914
22019
1685
415
13397
29065
56092
20647
19625
14537
9636
13370
8100
49924
7973
37841
53442
24982
16177
29982
40147
24551
30142
10533
5794
63034
38515
9230
21170
2756
46372
23351
54851
44678
14163
6903
1930
10056
25161
36605
27158
6755
59930
674
9831
32560
63609
47574
7760
8502
27332
10083
21700
8065
8967
6022
32581
5943
26075
19283
7015
9344
8893
1704
5133
12941
1314
2941
11305
8789
22456
4972
26395
6999
14544
2242
13532
11827
9400
55955
17881
18961
6226
41103
30418
14547
15794
24533
33097
38161
27774
11425
1156
22721
21783
2609
26000
7853
23718
28004
9792
6509
40345
17022
21649
57523
10851
32276
42974
1487
12246
10886
1277
28227
7113
15034
8934
15046
1035
7407
11603
26939
27321
23033
25990
8391
29700
5464
37829
29661
924
7180
10204
12044
34673
5144
19780
2278
15703
59312
3633
61219
234
77314
11221
11051
19739
23787
13601
2351
13018
21946
25473
18488
11551
18579
12711
8667
23649
5688
4409
13176
1015
16689
4689
18052
455
11168
1389
36200
14384
10309
14157
4465
36533
43105
44077
3727
32806
8153
11514
76357
1142
8362
15459
14875
22514
7299
6772
22660
1150
20084
3467
2335
5433
14711
24189
2621
30720
1395
463
29615
14888
29799
22117
17392
33117
46141
15867
4487
20694
12878
13321
36159
3258
31148
9582
27358
6902
21545
33959
32399
20288
8661
7422
171
5189
14188
47546
31165
17296
13188
3618
37452
39584
10223
44277
384
53458
58226
7992
5846
18999
6633
4109
3072
9058
4673
41255
7444
2924
35741
14001
3505
63252
30453
28643
1835
27324
21896
55517
29695
20146
8115
39809
27407
619
2020
30258
10667
13516
7921
12628
27895
1821
29993
567
999
35075
14010
20464
43970
26268
3676
16634
9472
16881
36724
21944
11902
12636
16996
4851
36108
2853
911
16121
42790
17474
2419
18936
783
24348
21812
13079
72145
26646
15536
8147
2258
20615
17724
24750
9802
15088
4173
5992
18597
40939
24028
24758
15828
10953
21831
25551
20743
62187
1881
6023
44338
56434
30598
23367
17592
105
11143
22853
16995
16472
20731
48116
55615
10588
3246
10242
11274
1646
11752
36114
4223
18374
5369
8178
7408
5207
28660
18893
37607
54381
18222
3200
54450
21680
30709
7499
1081
7092
29812
40823
1629
10686
6978
23818
21450
45920
4796
787
26069
1770
16443
6668
1547
190
27548
3595
7675
24765
20102
21476
16862
15238
4653
1883
5858
1461
48532
14883
27483
23483
22399
27351
31196
3240
5585
21909
3556
5459
24346
43
15147
34458
14408
4809
32459
30348
35781
5884
11200
66375
37062
2436
3751
4566
2058
17813
3495
12327
35586
17597
24304
766
32151
33794
13754
11517
23606
12557
21066
14549
45118
51427
19218
6391
25256
58651
14276
1253
41518
13873
15488
12800
43325
3
12153
2578
4204
13151
5330
35779
12562
54398
29534
16072
6892
4905
15574
38126
29703
670
61279
43910
17377
12863
21784
7033
30211
15937
29733
15096
3121
13488
16755
37383
7725
32238
17780
19439
9799
7638
68527
60792
7637
22233
25469
669
517
3787
14000
14982
5571
4986
26625
7634
6215
55124
25728
31177
52585
7660
38977
62676
319
4113
23698
25050
32575
5987
3896
2704
13116
13470
65462
1086
2346
17220
10684
12142
17629
24762
9625
21188
8495
20351
8824
41657
6579
3260
24339
2655
9170
15479
1523
4130
19224
51068
15857
53775
11524
39298
12138
15959
15266
45419
17259
14793
25430
2906
13051
21043
1486
15294
1635
3426
28246
42212
1799
48545
2948
22151
14447
17496
5374
2968
73120
875
38159
25606
5869
13161
5096
47765
14635
5564
8019
4488
12427
29639
21426
28792
9022
15746
19021
41979
22265
17038
6898
47457
13940
15620
21063
27767
18849
20612
46
3170
24720
12898
68872
12745
5641
5293
17000
6733
7476
28482
14416
5932
8636
21270
4914
2979
7802
43793
32397
22851
43829
71433
2795
3984
1640
53551
2214
25659
25709
11649
12548
18749
67722
27866
7382
9405
16500
11784
2535
4828
35452
26584
23884
13471
49134
17999
25021
40924
12661
1766
5954
325
5140
11749
8075
1645
5946
2967
23407
11174
20876
7355
14794
30555
21716
253
19956
5073
26917
2420
4404
36263
21149
544
22976
23535
18375
6698
13805
6013
1730
23673
1257
23376
69132
1334
2656
30490
24254
21720
17777
5800
5960
11027
541
32888
4850
11869
4983
37947
6913
8352
1610
30397
22001
14572
21990
10720
15339
16836
1358
5873
29245
17612
57311
24299
26954
12922
2282
7026
11002
17795
15401
29134
23134
14644
5119
10802
68124
5704
31687
23893
26707
8166
27673
13320
10673
18916
5799
5878
13656
44778
21412
9235
4370
1587
33978
48821
10891
21038
17343
1101
17091
8816
11046
9814
40220
29000
7148
12394
47962
5644
23786
58067
36924
62067
13328
773
78421
7768
4717
17940
28594
6709
6418
13850
2943
37121
6847
2794
6309
20739
33940
28973
502
41432
8506
7604
1593
27223
12852
3024
2271
24097
8975
51737
41190
14663
54728
21498
10966
9939
43636
33106
5244
65202
31137
5777
2458
9916
777
18138
8717
11704
10398
3313
19658
28027
6409
29507
29268
22206
30695
5228
14505
6567
14689
18835
17239
28538
40870
29438
10054
4346
12176
34146
27667
20620
23095
584
17767
33858
16849
42016
32772
7695
11040
14810
21864
16440
34906
24487
27568
5898
34481
29370
11227
24105
41158
43870
7392
32093
28436
26082
23013
48342
6671
6256
7431
15126
11191
16168
16062
54557
13034
895
13302
4736
21602
8259
53652
14528
44752
1377
22980
2493
11265
8970
28935
58089
11083
38772
11431
928
17981
2174
24302
19962
20659
19377
9354
24057
15312
32156
21611
18286
5478
51776
66301
38178
4050
32379
16940
20411
16501
780
13583
18651
9706
7288
35601
12249
3606
17761
18703
3665
37363
6561
55543
26550
33302
31282
18290
32389
13475
18080
8626
8328
32953
22125
28002
35564
14027
37306
10133
11292
17756
19476
10774
25390
4308
827
25549
7215
7529
41913
13646
21411
43600
4630
29428
27320
24754
16299
7652
35801
7527
2202
36221
22768
29307
16762
11080
15729
162
8697
25909
23338
37211
41386
62172
9830
6440
11302
11104
14115
3202
22178
18592
18671
2392
7948
46669
10341
30291
11326
46195
44399
833
33211
46075
11792
11760
12177
6397
18888
15727
12687
18932
60751
25337
10693
12205
11511
7207
13427
31042
13803
5681
17921
10889
13327
8375
15697
13011
4310
40907
6524
15349
22232
49809
20327
14222
12986
32124
14443
5457
33401
873
24271
50854
9776
23766
3132
7564
12238
14288
2096
15549
5768
18905
26947
22273
8567
12741
16327
36734
61716
51673
7102
639
12726
26394
19404
27389
23400
4444
27114
14768
45071
5027
1565
41838
6332
20593
38506
18328
53056
20458
3769
12733
27247
39335
34981
5843
3967
3582
3386
10602
45810
59452
39129
13664
26217
13167
19172
4086
26282
16470
23277
23366
3285
12164
2272
28044
1018
1862
1771
39355
30113
38265
1321
51847
20192
24149
8
17979
57708
14637
13459
4275
7888
905
26681
42722
5104
14628
19782
7338
21131
27462
12451
1440
40501
20241
10384
24131
7516
72227
43791
7362
36658
12011
40284
48469
5247
14927
18526
37647
2109
6152
8673
2210
17388
50641
70742
17892
15900
7323
82
6746
2554
70012
30906
5476
71320
13213
43499
21333
1412
31271
77803
2534
55848
23496
11288
17577
6643
36688
31320
58761
5805
24272
6156
1054
23808
41926
10960
19983
17504
24688
70654
37613
11399
39426
63734
23970
27
8480
27932
9375
33188
4238
357
9751
17011
51354
36364
73087
27493
13797
1145
8203
625
11148
18407
13917
6243
2786
4641
3391
19581
13400
7886
15807
12244
446
24818
12368
21338
38518
24830
28308
45219
35629
44889
22648
8855
29387
9718
14614
2728
15106
34607
1889
29889
213
2667
46888
547
13536
39764
59335
5549
29255
24024
23651
5596
38965
19527
21468
28310
32049
4172
4605
3590
6282
21395
11298
34354
8087
7575
37903
25066
42547
49450
30190
9136
52428
25354
6617
30415
9788
35494
25236
4246
19325
1900
50762
27722
9581
14461
12490
31996
36379
31292
30220
11436
37322
22200
964
8815
3770
28392
6263
12333
22002
16751
6676
1402
22035
46753
3412
19138
6806
24545
48781
25713
3463
17845
60821
38248
9340
40719
9903
23530
13654
3268
15918
17574
3370
33383
1981
7039
27523
26011
31513
24396
1229
16321
5966
18424
29783
9095
19612
16074
8810
60212
6930
1170
49303
79310
19200
39306
11249
22836
28348
30487
13232
23303
38369
65468
19598
15156
27112
20690
24691
26176
3653
27783
47179
696
39450
25262
2815
29337
26644
11122
6118
2326
2659
13209
7838
59
31348
73560
29830
8994
27181
15140
16595
59842
3005
10604
36100
6262
50046
40157
33807
14868
4895
13157
2528
21541
1580
1942
4749
5309
3421
2358
9881
22241
25645
45150
11743
2223
5885
6842
20823
33225
21550
4036
28772
17090
11023
16473
63151
32997
27251
20956
6370
59355
3504
2581
35965
33252
127
26545
526
44318
7258
39021
17959
8249
328
2577
9151
15744
4937
1863
994
41207
2748
20153
9028
31243
51091
50500
17534
1446
11113
31802
16986
19409
26840
36144
36591
43814
11119
29163
1586
58738
42326
28016
8788
15168
26782
49187
3081
6951
38945
12364
19165
8870
14056
16644
29610
3578
9961
30652
17252
27997
22835
17119
8426
28559
1356
4710
47009
7088
1574
15170
21873
26750
53590
39705
22023
11413
49777
5440
9044
26472
6664
8032
13934
36646
38058
39975
11396
21344
6344
5210
9864
21849
2139
4453
6088
2275
55201
18720
29723
33382
7875
56237
37759
4968
16524
12768
30971
20499
6503
19406
29647
5371
8351
9321
60554
24849
6164
11967
3231
1894
17258
8407
13585
5517
30227
35316
3235
16527
900
10937
20928
4411
9320
1300
25705
46431
9160
19876
8744
26203
23477
15261
10873
11032
37746
13778
22040
12575
8503
666
4387
26285
28704
38607
19753
51002
14797
43394
14348
32585
4538
9889
4713
19371
23623
3213
31
43094
452
22808
35902
71406
2268
2131
2647
16719
3307
53606
16603
25145
50353
29295
17480
23473
7851
8183
39010
35413
3456
16204
27741
14142
55730
1613
10669
16867
48338
62665
32935
20625
26307
7525
18938
25491
44099
18004
52059
21497
13723
12284
41845
7862
44350
41539
10386
33734
13162
49471
33306
917
1196
15490
44902
49132
3339
7531
520
1240
10647
22336
16949
279
28854
21718
5665
19621
188
21016
16621
61524
18216
35462
12323
12143
22726
4024
1373
4367
9429
6523
5439
4164
5069
8647
48631
13806
6382
23340
22554
21995
37123
1056
39801
7823
3433
37385
4237
3663
17263
17740
654
14132
3936
24951
14954
507
433
35171
6222
59716
44238
14701
28952
28007
36014
74699
2485
21250
6933
12646
17554
68511
9355
2726
2205
32182
21586
8588
48834
5525
23820
6582
4134
383
58571
4510
18390
31395
6105
29227
44370
67
5177
19485
22528
2992
14646
26965
32097
919
3380
18209
27951
21065
9315
11246
6505
2585
24103
1376
8714
36170
20500
2805
6885
15146
27319
4381
34198
1925
16216
17447
1893
38948
21957
4517
14119
3585
7955
10506
51169
12701
6814
39439
61965
7819
18467
42451
1391
39665
13228
48982
31747
33475
32492
31114
36132
2552
11279
29913
73658
17322
9511
11738
13164
11081
5804
29254
18829
12894
13665
27716
59944
12663
5978
43590
46416
21666
10073
15233
1971
1475
26397
17482
1996
10076
27022
15236
17019
11318
21612
55586
20971
16212
14120
2366
18904
38935
4841
20257
5352
27393
31519
1524
11451
19809
36539
1991
14839
5961
9844
9250
34212
18319
3835
52719
1739
30462
5250
8118
3151
46411
5865
8437
23527
21130
6161
34299
38867
6922
1934
48833
33369
3844
42554
9003
22108
37915
51385
1951
32367
11332
29605
24844
1851
12917
371
42876
73887
7223
5331
4955
18452
1536
11173
4677
30192
52564
33662
28632
10080
22761
14994
48377
40467
22160
16987
9946
20765
3059
21238
7693
19785
27155
800
18247
17586
7940
15375
17278
44610
16846
62832
24225
28535
60848
15333
12154
7255
8537
17688
44194
18747
40563
12834
8948
13511
12464
1973
17828
2442
23637
18212
35230
8120
33137
8053
7912
25696
6533
6298
16884
19820
53538
69133
8653
21959
6020
48848
6782
48876
17689
7764
3111
41189
16827
6895
9657
20981
58185
11780
10403
48341
5179
26989
5100
47325
12586
8594
22317
6979
2009
9652
44933
22725
11315
7287
12540
406
62128
41756
2336
17141
19792
5725
69831
33842
2800
12709
9085
42293
6512
5765
948
27514
13028
28562
40735
1684
16559
4500
8296
22462
7674
23755
11277
2034
5451
19541
7167
5732
33417
5190
23935
1116
18864
59867
12688
17187
6534
23581
55790
2467
1273
1669
30933
18049
521
2360
47058
48857
10728
15613
15332
15710
29991
37880
24182
12558
27731
2414
2186
2779
29450
36201
9872
316
3603
67059
2088
4044
8872
23170
25947
2423
4806
1793
6642
19243
13180
14112
9166
4733
2345
33581
29608
20880
15621
16652
26498
34463
18147
2653
2474
10502
3480
14968
10623
2038
53853
2827
922
227
16677
15201
32123
9324
4546
55355
8425
37330
13997
33067
21515
294
791
31422
21347
48719
9274
4676
14302
8101
7046
10576
57941
33099
14326
30360
186
18707
35506
39791
15403
10963
861
22411
2519
29342
59686
16781
5784
10664
50439
14621
13242
4933
340
4588
14068
78049
27923
59727
2965
10942
13178
10605
13527
14673
48862
29321
11175
16740
9997
42872
30424
6808
11509
11471
34307
25927
1671
23563
42653
8843
35786
19142
12802
9697
45867
2648
5493
31466
5
2097
16354
1707
10117
9616
9080
9619
19458
10351
19421
43740
38843
3156
29199
35260
12057
16641
31061
26172
5527
16210
18891
12626
31024
26112
35071
11859
7858
8602
7143
19674
9187
45305
62470
1429
69665
51446
18015
9716
24436
7932
26140
31428
35356
996
67197
6591
25424
16035
7814
22925
67687
19115
11586
4535
13348
11901
45097
25099
33596
27528
19651
3057
34255
4061
7232
8995
30207
14216
44400
80
6448
41570
8160
44325
57045
66696
45536
5902
1032
347
52130
23393
3956
17003
13195
27151
58203
28
3900
7016
50412
8683
22225
16413
10347
73132
14232
42259
69373
27835
24543
6618
27564
29472
13644
1807
22769
11905
3853
1708
8685
29281
25080
4256
29135
15469
4974
8687
3448
18133
26650
48491
2390
684
11359
6333
2838
40587
48217
7643
65271
25675
4023
1121
19293
34696
30740
21663
34378
19918
21274
29624
19514
6461
12489
27507
10335
5513
24201
13930
7792
61774
6384
11049
5502
63250
6753
23081
34216
35007
10004
28476
4557
15498
6532
48594
8821
57070
15363
3628
14745
19020
9007
18084
2761
4401
6106
58697
13553
44598
21929
10358
27380
12304
35205
25200
31527
321
11367
7712
2389
22617
20497
69485
20450
17801
4601
27969
9467
54092
26128
66570
5779
24903
36823
8010
26335
36824
10974
58371
53685
1221
11634
32091
4776
19636
1886
16957
13979
54985
8635
27850
25898
32419
10442
17232
33623
43531
4952
6793
41863
33893
5984
29123
18429
6396
24382
24499
16205
7594
3841
7041
26921
24319
11668
19771
26181
8291
17073
3654
59273
3154
6350
11263
39039
4925
14375
651
13588
43410
10249
10460
43353
27577
15518
11419
31027
13430
55810
43473
559
36186
11475
24442
30315
14739
14638
315
16188
14772
8173
36969
22231
73949
12551
22608
8847
3776
21458
37175
13562
33791
21672
41400
14477
44583
22694
22624
25291
1078
15172
1009
48424
19098
52661
22212
13229
4242
4842
18267
16011
21354
47592
6259
23156
51674
12503
3620
9578
40034
6107
34755
38690
25717
5659
4102
2478
21951
4142
27827
38905
2665
27677
33156
23380
9944
35565
18276
12048
2482
5346
17722
9118
11999
5722
28631
29542
23143
11497
34298
17619
31691
48988
3273
3000
11360
8728
2240
67223
5802
18446
40578
28652
4804
7571
322
12872
39610
788
43616
25103
28587
5253
15254
18324
12943
10955
4338
47782
27192
33379
18196
4439
4126
5678
3669
74241
5362
15879
12632
32178
8662
16830
51585
46176
3840
9098
9777
35026
369
20903
2256
7400
29105
6897
57381
661
29678
18306
28741
30148
9865
5418
15965
20638
38795
45880
1438
52265
254
54652
10615
24309
30262
5598
30965
2976
1127
24369
21466
2171
24021
5090
24880
11550
33083
7505
5673
32444
6
5507
2725
5351
13478
23408
8315
27249
41106
16770
29106
7231
10846
12311
34583
22774
11342
11198
16
13865
9927
12378
25701
1191
35982
29203
6805
6725
49298
25600
28732
1858
13885
5526
22493
5047
13760
20689
42583
52369
4987
1742
9867
44251
22045
55325
44098
14472
18069
17292
5056
25775
25062
51590
42460
6004
44746
28265
10700
56058
36883
5948
18794
40810
9271
16979
585
34683
12458
2484
8700
9999
51741
32642
19187
56069
29316
9369
874
2460
2866
10064
11165
29905
39690
12607
15253
26189
16436
2184
19631
28622
16726
11000
11981
7613
16257
15707
29942
17214
496
37468
14103
15091
11650
60443
21505
38228
9712
13253
11495
20895
7358
17935
1756
170
8786
12444
39326
47130
61133
11206
10367
6754
15705
5689
6981
59907
10322
5801
5415
55572
28247
11111
15173
1325
46876
18316
5403
26226
16489
8938
7641
21803
6046
12389
33536
13088
7
35239
13214
4651
12104
12
