500
1
28
120
638
325
644
309
536
34
275
70
154
483
109
820
181
22
775
441
29
39
19
298
11
604
113
287
211
38
203
21
860
5
652
645
35
358
233
25
602
41
433
605
964
48
688
92
260
24
125
951
570
241
329
347
98
140
23
567
596
251
663
480
222
514
869
3
387
17
4
167
799
265
516
268
435
677
196
436
584
412
56
87
228
281
450
81
364
179
194
467
815
254
277
361
778
286
78
442
50
479
296
166
504
728
202
468
216
560
576
62
16
73
743
532
149
546
404
370
159
103
294
141
994
193
189
724
201
121
136
43
14
13
606
230
497
45
83
90
314
272
301
488
736
316
889
923
323
7
614
176
132
112
74
100
826
493
551
348
439
63
505
302
367
997
588
77
145
768
89
300
393
225
836
706
888
416
332
139
550
187
9
60
197
654
460
784
219
278
127
217
75
616
755
184
178
279
704
174
148
245
210
406
446
924
255
247
671
328
867
520
177
292
648
509
557
707
462
303
261
472
313
531
559
477
33
597
213
451
745
220
106
746
170
320
913
107
212
229
232
317
111
423
756
899
239
389
209
777
812
629
626
893
421
305
356
334
506
315
502
623
397
950
908
391
284
42
276
186
299
192
411
360
473
311
164
463
457
267
692
274
377
346
378
499
723
627
849
379
519
235
352
761
998
110
293
400
508
539
258
319
333
430
507
142
362
342
425
374
205
556
351
357
312
803
485
921
809
380
530
500
647
561
354
718
538
122
785
554
240
420
575
802
831
283
732
565
533
742
431
712
594
830
326
429
687
282
456
526
939
610
540
549
489
641
992
440
719
962
349
340
739
779
963
611
741
381
848
845
396
448
682
486
369
613
727
679
819
658
667
650
555
541
942
491
669
865
729
922
880
639
986
592
842
646
680
642
863
591
771
691
787
569
515
678
747
574
807
722
978
649
655
776
926
754
453
702
764
713
786
672
708
886
811
843
822
975
725
907
208
852
878
829
804
827
864
733
730
308
135
850
791
757
844
823
767
877
640
821
890
766
874
772
859
792
855
917
693
621
656
936
896
738
905
931
971
593
969
790
690
976
694
854
734
748
906
839
948
987
887
780
955
851
935
875
966
983
870
970
938
925
895
944
900
972
954
914
959
933
989
